Summary
n = 6
Distance Map = 
[[ 95.  16.  14.  39.  33.  19.]
 [ 16.  45.  14.  12.  44.  83.]
 [ 14.  14.  79.  87.  23.  49.]
 [ 39.  12.  87.  24.  10.  48.]
 [ 33.  44.  23.  10.  54.  67.]
 [ 19.  83.  49.  48.  67.  55.]]

initial Solution = 
[[-2  6  4 -6  3  5  2 -4 -3 -5]
 [ 1 -5  6 -3  5 -4 -1 -6  4  3]
 [ 6 -4 -5  2 -1 -6  4  5  1 -2]
 [-5  3 -1  5  6  2 -3  1 -2 -6]
 [ 4  2  3 -4 -2 -1 -6 -3  6  1]
 [-3 -1 -2  1 -4  3  5  2 -5  4]]
        
initial Cost = 3081.9583781701162
        
initial Violations = 1       

        
Initial Parameters

maxR = 10
maxP = 10
maxC = 10
T = 400
theta = 1.04
beta = 0.9999
sigma = 1.04
w = 4000

        
        
Final Parameters

T = 6374.449856826451
w = 4000
bestT = 3187.2249284132254

bestInfeasible = 2662.9075043154135
bestFeasible = 2489.0

time = 6.583558559417725

        
        
Best Infeasible Solution ->

[[-4  3 -5  2 -6  5 -3  4 -2  6]
 [-5 -6 -3 -1  5  3 -4  6  1  4]
 [-6 -1  2  6 -4 -2  1  5  4 -5]
 [ 1  5 -6 -5  3  6  2 -1 -3 -2]
 [ 2 -4  1  4 -2 -1  6 -3 -6  3]
 [ 3  2  4 -3  1 -4 -5 -2  5 -1]]

Cost = 2682.5660251455047
Violations = 1

        

Best Feasible Solution ->

[[ 3 -6  4  2 -5 -4  5 -2 -3  6]
 [ 4 -3  5 -1 -6 -5  3  1  6 -4]
 [-1  2 -6  5 -4  6 -2  4  1 -5]
 [-2  5 -1  6  3  1 -6 -3 -5  2]
 [ 6 -4 -2 -3  1  2 -1 -6  4  3]
 [-5  1  3 -4  2 -3  4  5 -2 -1]]

Cost = 2489.0
Violations = 0

        